{
  "advancedEditorSelectedIdentifier" : "ShaderGraphEditorPluginID",
  "openSceneRelativePaths" : [
    "Scene.usda"
  ],
  "recentIdentifiers" : {
    "90C576A0-F90A-43B8-9998-14918A66F863" : [

    ]
  },
  "sceneCameraHistory" : {
    "90C576A0-F90A-43B8-9998-14918A66F863" : [
      {
        "date" : 727142672.266724,
        "title" : "Untitled",
        "transform" : [
          1,
          0,
          0,
          0,
          0,
          0.7071069,
          -0.70710677,
          0,
          0,
          0.70710677,
          0.7071069,
          0,
          -0.18328953,
          1.7302868,
          1.9272937,
          1
        ]
      },
      {
        "date" : 727142641.772137,
        "title" : "Untitled",
        "transform" : [
          0.9868486,
          8.703076e-07,
          -0.16164699,
          0,
          -0.05270806,
          0.9453477,
          -0.32177556,
          0,
          0.15281235,
          0.32606387,
          0.93291515,
          0,
          -1.4474456,
          0.801702,
          2.729158,
          1
        ]
      },
      {
        "date" : 727142573.589097,
        "title" : "Untitled",
        "transform" : [
          0.9868486,
          8.703076e-07,
          -0.16164699,
          0,
          -0.05270806,
          0.9453477,
          -0.32177556,
          0,
          0.15281235,
          0.32606387,
          0.93291515,
          0,
          0.29570603,
          1.460143,
          2.213496,
          1
        ]
      },
      {
        "date" : 727142542.290388,
        "title" : "Untitled",
        "transform" : [
          0.9868486,
          8.703076e-07,
          -0.16164699,
          0,
          -0.05270806,
          0.9453477,
          -0.32177556,
          0,
          0.15281235,
          0.32606387,
          0.93291515,
          0,
          0.35511002,
          0.52447075,
          2.530793,
          1
        ]
      },
      {
        "date" : 727141469.176753,
        "title" : "Untitled",
        "transform" : [
          0.9868486,
          8.703076e-07,
          -0.16164699,
          0,
          -0.05270806,
          0.9453477,
          -0.32177556,
          0,
          0.15281235,
          0.32606387,
          0.93291515,
          0,
          0.39521655,
          0.8432953,
          2.412791,
          1
        ]
      },
      {
        "date" : 727141414.961663,
        "title" : "Untitled",
        "transform" : [
          0.97659475,
          2.6536718e-08,
          -0.21508753,
          0,
          0.005011685,
          0.99972856,
          0.022755444,
          0,
          0.21502912,
          -0.023300797,
          0.97632957,
          0,
          0.5561269,
          -0.060262274,
          2.5250728,
          1
        ]
      },
      {
        "date" : 727141261.306702,
        "title" : "Untitled",
        "transform" : [
          0.99936575,
          -1.0072371e-10,
          0.035608146,
          0,
          0.0064325077,
          0.9835479,
          -0.1805325,
          0,
          -0.035022322,
          0.18064706,
          0.9829242,
          0,
          -0.09057806,
          0.46720672,
          2.5421317,
          1
        ]
      },
      {
        "date" : 727141234.707096,
        "title" : "Untitled",
        "transform" : [
          0.9942297,
          1.6564366e-08,
          0.10727263,
          0,
          0.016736742,
          0.98775375,
          -0.15512048,
          0,
          -0.10595895,
          0.15602078,
          0.9820541,
          0,
          -0.2740418,
          0.40351614,
          2.539884,
          1
        ]
      },
      {
        "date" : 727141027.825122,
        "title" : "Untitled",
        "transform" : [
          0.99999857,
          -6.705053e-13,
          -0.0017194417,
          0,
          -0.00021515523,
          0.9921403,
          -0.12513068,
          0,
          0.0017059273,
          0.12513086,
          0.9921388,
          0,
          0.004411426,
          0.32362628,
          2.5659664,
          1
        ]
      },
      {
        "date" : 727141018.824079,
        "title" : "Untitled",
        "transform" : [
          0.19614851,
          8.1347844e-07,
          0.98057425,
          0,
          0.7365287,
          0.66016585,
          -0.14733157,
          0,
          -0.6473417,
          0.7511199,
          0.12948994,
          0,
          -1.6742196,
          1.9426212,
          0.33489943,
          1
        ]
      }
    ]
  }
}